LIBRARY: 2388238 fingerprints of 8-word runs from the clone at /home/user/agentic-os-search, HEAD 941f027d3a15497b90e60d752303c0463a9feab5; built in memory only, nothing dropped, no file written
TREE e42257a6792a6d968ef312d588f6e73f490d73b7: each text file where a matching run starts (line numbers), with its number of matching runs
  README.md: line(s) 3 (3 run(s))
  briefs/w-c00-12/BATU_COMMON_FLOOR_TR.md: line(s) 7, 8, 9, 10, 11, 12, 13, 14, 16, 17, 18, 19, 21, 23, 24, 25, 26, 28, 29, 30, 31, 32, 33, 34, 35, 36, 37, 38, 39, 40, 41, 44, 45, 46, 47, 48, 49, 50, 52, 53, 54, 55, 56, 57, 60, 61, 62, 63, 64, 65, 67, 68, 69, 70, 71, 72, 73, 74, 75, 77, 89, 90, 91, 92, 93, 94, 95, 96, 97, 99, 100, 101, 103, 104, 105, 106, 107, 109, 110, 111, 117, 120, 121, 128, 129, 130, 131, 133, 143, 147, 148, 149, 150, 151, 166, 169, 172, 173, 174, 176, 177, 178, 179, 181, 190, 191, 192, 196, 197, 198, 202, 204, 219, 254, 255, 303, 304, 305 (610 run(s))
  briefs/w-c00-12/BATU_CONTEXT_ACTIVATION_TR.md: line(s) 7, 9, 11, 13, 15, 17, 19, 21, 23, 25, 29, 31 (564 run(s))
  briefs/w-c00-12/BATU_GROWTH_AND_FRAMING_TR.md: line(s) 7, 9, 11, 13, 17, 19, 21, 23, 25, 34, 36, 42, 44, 46, 48, 49, 51, 53, 55, 69, 71, 73, 75, 77, 79, 80, 81, 83, 85, 87, 89, 91, 98, 100, 102, 104, 108, 110, 116, 118, 120, 121, 122, 123, 124, 126, 128, 130, 132, 143, 145, 147, 149, 154, 162, 164, 166, 168, 170, 178, 179, 180, 184, 190, 192, 194, 196, 198, 200, 202, 204, 206, 208, 210, 212, 218, 220, 222, 224, 226, 230, 231, 232, 234, 242, 243, 245, 247, 249, 251, 253, 255, 269, 287, 289, 291, 293, 301, 303, 305, 307, 309, 311, 313, 315, 317, 318, 320, 322, 324, 326, 336, 338, 345, 347, 366, 368, 370, 378, 380, 382, 384, 386, 388, 390, 392, 394, 396, 398, 473, 475, 477, 479, 481, 485, 487, 489, 494, 504, 506, 508, 518, 520, 593 (622 run(s))
  briefs/w-c00-12/BATU_INTELLECTUAL_HERITAGE_TR.md: line(s) 7, 9, 11, 13, 15, 17, 19, 21, 23, 28, 30, 32, 34, 40, 42, 43, 44, 45, 46, 47, 49, 51, 53, 55, 57, 59, 61, 63, 65, 67, 73, 75, 77, 79, 83, 93, 95, 97, 99, 101, 103, 105, 107, 113, 115, 117, 119, 121, 123, 125, 127, 129, 131, 133, 137, 139, 141, 155, 157, 159, 161, 163, 173, 175, 181, 187, 189, 191, 193, 199, 200, 214, 216, 218, 220, 222, 228, 230, 232, 234, 236, 238, 246, 248, 250, 252, 254, 256, 258, 260, 268, 270, 313, 315, 317, 319, 321, 337, 339, 341, 343, 345, 347, 375, 379, 381, 383, 385, 387, 389, 391, 407, 493, 495, 497, 519, 521, 538 (695 run(s))
  briefs/w-c00-12/BATU_LIVING_PLAN_TR.md: line(s) 7, 9, 11, 13, 15, 17, 19, 21, 23, 25, 26, 27, 28, 29, 30, 32, 34, 36, 38, 40, 46, 48, 50, 52, 53, 54, 55, 56, 58, 60, 61, 66, 68, 74, 75, 76, 79, 80, 94, 98, 108, 112, 114, 116, 126, 128, 130, 145, 157, 159, 161, 163, 165, 167, 169, 171, 173, 175, 177, 179, 181, 183, 185, 191, 193, 202, 218, 220, 234, 236, 238, 240, 242, 244, 246, 248, 250, 252, 254, 256, 258, 264, 268, 270, 292, 294, 296, 372, 374, 390, 393, 395, 411, 413, 415, 423, 425, 433, 435, 441, 448, 450, 464, 466, 468, 498, 507, 509, 539, 549, 551, 635 (498 run(s))
  briefs/w-c00-12/BATU_MECHANISM_MAP_TR.md: line(s) 13, 15, 17, 19, 21, 23, 25, 27, 29, 31, 37, 41, 42, 43, 44, 45, 133, 135, 137, 139, 141, 143, 145, 147, 149, 151, 153, 155, 157, 159, 161, 167, 169, 171, 173, 175, 177, 179, 180, 181, 182, 183, 184, 186, 202, 204, 206, 208, 210, 212, 266, 268, 270, 272, 274, 276, 278, 280, 282, 284, 286, 288, 290, 294, 304, 306, 308, 310, 314, 316, 321, 322, 327, 329, 339, 341, 343, 344, 345, 346, 347, 348, 350, 419, 427, 443, 445, 457, 459, 461, 486, 502, 518, 556, 560, 581 (514 run(s))
  briefs/w-c00-12/BATU_MEMORY_LIFECYCLE_TR.md: line(s) 7, 8, 9, 10, 11, 12, 13, 14, 15, 16, 20, 21, 22, 23, 24, 25, 27, 28, 30, 34, 35, 42, 43, 44, 45, 46, 47, 48, 57, 58, 59, 60, 61, 62, 64, 65, 66, 68, 69, 71, 72, 73, 74, 75, 76, 77, 79, 83, 86, 87, 88, 89, 92, 107, 110, 113, 114, 115, 116, 120, 126, 128, 129, 130, 131, 132, 133, 136, 137, 138, 139, 140, 141, 142, 146, 147, 148, 149, 150, 151, 152, 153, 154, 157, 158, 159, 160, 161, 162, 163, 165, 166, 167, 168, 170, 173, 177, 178, 186, 187, 189, 190, 192, 194, 195, 235, 236, 237, 238, 242, 243, 272, 286, 287, 288, 289, 298, 299, 300, 305, 306, 307, 308, 309, 310, 360, 361, 362 (618 run(s))
  briefs/w-c00-12/BATU_NOVEL_ANALOGY_TR.md: line(s) 10, 12, 14, 16, 18, 20, 22, 24, 26, 28, 30, 32, 47 (678 run(s))
  briefs/w-c00-12/BATU_SCALE_AND_EXPERTISE_TR.md: line(s) 7, 9, 11, 13, 15, 17, 19, 25, 27, 29 (520 run(s))
  briefs/w-c00-12/BATU_STORED_IS_NOT_USED_TR.md: line(s) 7, 8, 9, 10, 11, 12, 15, 16, 17, 18, 19, 20, 21, 22, 23, 25, 28, 29, 30, 31, 32, 34, 35, 37, 39, 41, 43, 45, 47, 49, 51, 52, 53, 57, 59, 62, 63, 64, 65, 66, 67, 73, 74, 75, 76, 77, 78, 79, 80, 81, 86, 87, 88, 89, 90, 92, 93, 94, 95, 98, 105, 106, 107, 108, 109, 110, 111, 115, 116, 126, 127, 128, 129, 130, 131, 132, 133, 134, 135, 136, 139, 140, 142, 144, 145, 152, 153, 154, 158, 169, 171, 172, 173, 174, 175, 176, 196, 197, 198, 199, 200, 205, 221, 223, 227, 228, 229, 230, 231, 232, 233, 234, 235, 236, 237, 246, 257, 263, 265, 274, 276, 277, 278, 281, 282, 284, 285, 286, 287, 288, 292, 294, 311, 318 (691 run(s))
  briefs/w-c00-12/BATU_TERMINAL_GOALS_TR.md: line(s) 7, 9, 11, 13, 15, 17, 19, 21, 23, 25, 27, 29, 31, 33 (709 run(s))
  briefs/w-c00-12/BATU_WORK_DISCOVERY_TR.md: line(s) 7, 9, 11, 13, 17, 19, 27, 29, 31, 32, 33, 34, 36, 40, 41, 42, 43, 44, 45, 49, 51, 63, 69, 81, 83, 93, 95, 97, 99, 101, 103, 105, 107, 108, 109, 110, 111, 113, 115, 117, 119, 121, 123, 125, 127, 129, 131, 133, 135, 137, 143, 149, 151, 157, 159, 161, 163, 165, 171, 173, 175, 177, 179, 181, 183, 185, 191, 193, 197, 199, 201, 203, 205, 207, 209, 211, 225, 227, 238, 240, 242, 250, 256, 258, 260, 262, 264, 290, 303, 361, 371, 373, 375, 379, 391, 393, 394, 395, 396, 397, 398, 400, 402, 404, 418, 420, 422, 424, 426, 428, 444, 446, 448, 450, 452, 453, 454, 455, 457, 461, 490, 492, 494, 496, 498, 500, 502 (456 run(s))
  briefs/w-c00-12/RUN_BRIEF.md: line(s) 57 (4 run(s))
  evidence/C00/EV-C00-011_ecc_comparison.md: line(s) 120 (2 run(s))
  evidence/C00/checks/CHK-C00-017.md: line(s) 52 (2 run(s))
  evidence/C00/reviews/R-W12-2.md: line(s) 151 (4 run(s))
  evidence/C00/tests/1b-i_migrate.py: line(s) 12 (1 run(s))
  plan/DevOS_Kurulum_Plani.md: line(s) 91, 1268, 1292 (48 run(s))
  plan/Ek_D_Dusunme_Protokolleri.md: line(s) 65, 257 (3 run(s))
  plan/Summary_for_Batu_TR.md: line(s) 15 (2 run(s))
  plan/decisions/FR-02.md: line(s) 12 (3 run(s))
  plan/decisions/PC-08.md: line(s) 2278, 2289 (4 run(s))
  tools/guard_report.py: line(s) 17 (1 run(s))
  tools/leak_fingerprints.py: line(s) 31, 49 (4 run(s))
  tools/merge_gate.py: line(s) 146 (1 run(s))
  tools/sync_worktree.sh: line(s) 10 (1 run(s))
  tools/test_leak_fingerprints.py: line(s) 70, 224 (4 run(s))
  tools/test_merge_gate.py: line(s) 83 (2 run(s))
  tools/test_tool_allowlist.sh: line(s) 80, 689, 859, 861, 862, 889 (12 run(s))
TREE: 30 of 299 text file(s) hold matching runs; 7276 matching run(s), 7223 distinct fingerprint(s)
HISTORY: 524 commit(s) reachable from e42257a6792a6d968ef312d588f6e73f490d73b7 through all parents, oldest first, each read on its own as rule L1 reads a pushed commit: its message, its paths and the lines it adds against its first parent (a root commit against the empty tree); line numbers are in that commit's version of the file
commit 333d1b206477af11f6233797e4e210ffd010e210
  README.md: line(s) 3 (3 run(s))
  plan/DevOS_Kurulum_Plani.md: line(s) 83, 95, 634 (28 run(s))
  plan/Ek_A_Rol_Sozlesmeleri.md: line(s) 43, 371, 377 (10 run(s))
  plan/Ek_D_Dusunme_Protokolleri.md: line(s) 124, 129, 133, 155, 158, 189, 218, 219, 229, 233 (25 run(s))
commit a58413a93e11fd6377e28558e1bfaf179df96a34
  service names: 1 line(s)
commit 3cd686a8342b39caca50e5cd053a3911507ef8c7
  service names: 1 line(s)
commit 33b5043a6286e3766cf40388ac4cc225b33c94f2
  service names: 6 line(s)
commit c0007ea8ebfa8a8681843b0d7ab3712c046c2ce5
  tools/test_tool_allowlist.sh: line(s) 20 (1 run(s))
  service names: 2 line(s)
commit 05ba7c96d5310309dfb7e91ecd79bda02f0aeb82
  service names: 1 line(s)
commit bfa7ae1cf3542f2aad788eff7d3d7f4cd7dc1b47
  tools/test_tool_allowlist.sh: line(s) 27 (1 run(s))
commit 8cf3f4d69f2650698a7084d3ae55b599fb2c1f11
  briefs/w-c00-12/BATU_NOVEL_ANALOGY_TR.md: line(s) 10, 12, 14, 16, 18, 20, 22, 24, 26, 28, 30, 32, 47 (678 run(s))
commit 42541d5bae151bc39a559bf178bca5fc662f2289
  briefs/w-c00-12/BATU_NOVEL_ANALOGY_TR.md: line(s) 10, 12, 14, 16, 18, 20, 22, 24, 26, 28, 30, 32, 47 (678 run(s))
commit 9eee0860189fd8baabccae19c59adc7d671188e2
  briefs/w-c00-12/BATU_TERMINAL_GOALS_TR.md: line(s) 7, 9, 11, 13, 15, 17, 19, 21, 23, 25, 27, 29, 31, 33 (709 run(s))
commit 7200ba0f2e948b1b9a7a140b98a1eee38db8b195
  briefs/w-c00-12/BATU_TERMINAL_GOALS_TR.md: line(s) 7, 9, 11, 13, 15, 17, 19, 21, 23, 25, 27, 29, 31, 33 (709 run(s))
commit 8989011d0e76d622e819321acee048489a4def3e
  briefs/w-c00-12/BATU_CONTEXT_ACTIVATION_TR.md: line(s) 7, 9, 11, 13, 15, 17, 19, 21, 23, 25, 29, 31 (564 run(s))
commit 284236f2bdd0cd29982ac330c5bf8241e5a132cb
  briefs/w-c00-12/BATU_CONTEXT_ACTIVATION_TR.md: line(s) 7, 9, 11, 13, 15, 17, 19, 21, 23, 25, 29, 31 (564 run(s))
commit e3cccd7520c8456115b006a56d2e5e87a9d7fc90
  briefs/w-c00-12/BATU_SCALE_AND_EXPERTISE_TR.md: line(s) 7, 9, 11, 13, 15, 17, 19, 25, 27, 29 (520 run(s))
commit 03864ece3d2becc2433568a296f97031a15eeead
  briefs/w-c00-12/BATU_SCALE_AND_EXPERTISE_TR.md: line(s) 7, 9, 11, 13, 15, 17, 19, 25, 27, 29 (520 run(s))
commit 6efa6c0c43a22fe08ef6f615f4adf259e4ba9587
  briefs/w-c00-12/BATU_COMMON_FLOOR_TR.md: line(s) 7, 8, 9, 10, 11, 12, 13, 14, 16, 17, 18, 19, 21, 23, 24, 25, 26, 28, 29, 30, 31, 32, 33, 34, 35, 36, 37, 38, 39, 40, 41, 44, 45, 46, 47, 48, 49, 50, 52, 53, 54, 55, 56, 57, 60, 61, 62, 63, 64, 65, 67, 68, 69, 70, 71, 72, 73, 74, 75, 77, 89, 90, 91, 92, 93, 94, 95, 96, 97, 99, 100, 101, 103, 104, 105, 106, 107, 109, 110, 111, 117, 120, 121, 128, 129, 130, 131, 133, 143, 147, 148, 149, 150, 151, 166, 169, 172, 173, 174, 176, 177, 178, 179, 181, 190, 191, 192, 196, 197, 198, 202, 204, 219, 254, 255, 303, 304, 305 (610 run(s))
commit fdf9e3d9125f8cbfa82cd9e3a654c84cebfcdcef
  briefs/w-c00-12/BATU_COMMON_FLOOR_TR.md: line(s) 7, 8, 9, 10, 11, 12, 13, 14, 16, 17, 18, 19, 21, 23, 24, 25, 26, 28, 29, 30, 31, 32, 33, 34, 35, 36, 37, 38, 39, 40, 41, 44, 45, 46, 47, 48, 49, 50, 52, 53, 54, 55, 56, 57, 60, 61, 62, 63, 64, 65, 67, 68, 69, 70, 71, 72, 73, 74, 75, 77, 89, 90, 91, 92, 93, 94, 95, 96, 97, 99, 100, 101, 103, 104, 105, 106, 107, 109, 110, 111, 117, 120, 121, 128, 129, 130, 131, 133, 143, 147, 148, 149, 150, 151, 166, 169, 172, 173, 174, 176, 177, 178, 179, 181, 190, 191, 192, 196, 197, 198, 202, 204, 219, 254, 255, 303, 304, 305 (610 run(s))
commit 4c27d343a587e80825fc60cb93710ffd85717878
  briefs/w-c00-12/BATU_MEMORY_LIFECYCLE_TR.md: line(s) 7, 8, 9, 10, 11, 12, 13, 14, 15, 16, 20, 21, 22, 23, 24, 25, 27, 28, 30, 34, 35, 42, 43, 44, 45, 46, 47, 48, 57, 58, 59, 60, 61, 62, 64, 65, 66, 68, 69, 71, 72, 73, 74, 75, 76, 77, 79, 83, 86, 87, 88, 89, 92, 107, 110, 113, 114, 115, 116, 120, 126, 128, 129, 130, 131, 132, 133, 136, 137, 138, 139, 140, 141, 142, 146, 147, 148, 149, 150, 151, 152, 153, 154, 157, 158, 159, 160, 161, 162, 163, 165, 166, 167, 168, 170, 173, 177, 178, 186, 187, 189, 190, 192, 194, 195, 235, 236, 237, 238, 242, 243, 272, 286, 287, 288, 289, 298, 299, 300, 305, 306, 307, 308, 309, 310, 360, 361, 362 (618 run(s))
commit 9f50fc37ac79197ccd2a2f5b19f6811b5cc15478
  briefs/w-c00-12/BATU_MEMORY_LIFECYCLE_TR.md: line(s) 7, 8, 9, 10, 11, 12, 13, 14, 15, 16, 20, 21, 22, 23, 24, 25, 27, 28, 30, 34, 35, 42, 43, 44, 45, 46, 47, 48, 57, 58, 59, 60, 61, 62, 64, 65, 66, 68, 69, 71, 72, 73, 74, 75, 76, 77, 79, 83, 86, 87, 88, 89, 92, 107, 110, 113, 114, 115, 116, 120, 126, 128, 129, 130, 131, 132, 133, 136, 137, 138, 139, 140, 141, 142, 146, 147, 148, 149, 150, 151, 152, 153, 154, 157, 158, 159, 160, 161, 162, 163, 165, 166, 167, 168, 170, 173, 177, 178, 186, 187, 189, 190, 192, 194, 195, 235, 236, 237, 238, 242, 243, 272, 286, 287, 288, 289, 298, 299, 300, 305, 306, 307, 308, 309, 310, 360, 361, 362 (618 run(s))
commit f0ce5506093c709d5b2cc47423e3035c8e618f6c
  briefs/w-c00-12/BATU_STORED_IS_NOT_USED_TR.md: line(s) 7, 8, 9, 10, 11, 12, 15, 16, 17, 18, 19, 20, 21, 22, 23, 25, 28, 29, 30, 31, 32, 34, 35, 37, 39, 41, 43, 45, 47, 49, 51, 52, 53, 57, 59, 62, 63, 64, 65, 66, 67, 73, 74, 75, 76, 77, 78, 79, 80, 81, 86, 87, 88, 89, 90, 92, 93, 94, 95, 98, 105, 106, 107, 108, 109, 110, 111, 115, 116, 126, 127, 128, 129, 130, 131, 132, 133, 134, 135, 136, 139, 140, 142, 144, 145, 152, 153, 154, 158, 169, 171, 172, 173, 174, 175, 176, 196, 197, 198, 199, 200, 205, 221, 223, 227, 228, 229, 230, 231, 232, 233, 234, 235, 236, 237, 246, 257, 263, 265, 274, 276, 277, 278, 281, 282, 284, 285, 286, 287, 288, 292, 294, 311, 318 (691 run(s))
commit b738a68ea2d86acfa79d05b7ba09bc64ac93628a
  briefs/w-c00-12/BATU_STORED_IS_NOT_USED_TR.md: line(s) 7, 8, 9, 10, 11, 12, 15, 16, 17, 18, 19, 20, 21, 22, 23, 25, 28, 29, 30, 31, 32, 34, 35, 37, 39, 41, 43, 45, 47, 49, 51, 52, 53, 57, 59, 62, 63, 64, 65, 66, 67, 73, 74, 75, 76, 77, 78, 79, 80, 81, 86, 87, 88, 89, 90, 92, 93, 94, 95, 98, 105, 106, 107, 108, 109, 110, 111, 115, 116, 126, 127, 128, 129, 130, 131, 132, 133, 134, 135, 136, 139, 140, 142, 144, 145, 152, 153, 154, 158, 169, 171, 172, 173, 174, 175, 176, 196, 197, 198, 199, 200, 205, 221, 223, 227, 228, 229, 230, 231, 232, 233, 234, 235, 236, 237, 246, 257, 263, 265, 274, 276, 277, 278, 281, 282, 284, 285, 286, 287, 288, 292, 294, 311, 318 (691 run(s))
commit ca2894e6682d9340fdac9298614d7fb12a51eb11
  briefs/w-c00-12/BATU_MECHANISM_MAP_TR.md: line(s) 13, 15, 17, 19, 21, 23, 25, 27, 29, 31, 37, 41, 42, 43, 44, 45, 133, 135, 137, 139, 141, 143, 145, 147, 149, 151, 153, 155, 157, 159, 161, 167, 169, 171, 173, 175, 177, 179, 180, 181, 182, 183, 184, 186, 202, 204, 206, 208, 210, 212, 266, 268, 270, 272, 274, 276, 278, 280, 282, 284, 286, 288, 290, 294, 304, 306, 308, 310, 314, 316, 321, 322, 327, 329, 339, 341, 343, 344, 345, 346, 347, 348, 350, 419, 427, 443, 445, 457, 459, 461, 486, 502, 518, 556, 560, 581 (514 run(s))
commit de127aa242d6d24f77126b91a68131471ac08ec4
  briefs/w-c00-12/BATU_MECHANISM_MAP_TR.md: line(s) 13, 15, 17, 19, 21, 23, 25, 27, 29, 31, 37, 41, 42, 43, 44, 45, 133, 135, 137, 139, 141, 143, 145, 147, 149, 151, 153, 155, 157, 159, 161, 167, 169, 171, 173, 175, 177, 179, 180, 181, 182, 183, 184, 186, 202, 204, 206, 208, 210, 212, 266, 268, 270, 272, 274, 276, 278, 280, 282, 284, 286, 288, 290, 294, 304, 306, 308, 310, 314, 316, 321, 322, 327, 329, 339, 341, 343, 344, 345, 346, 347, 348, 350, 419, 427, 443, 445, 457, 459, 461, 486, 502, 518, 556, 560, 581 (514 run(s))
commit 0c576ee33744d4759824d063aef8e9f2256c542c
  briefs/w-c00-12/BATU_LIVING_PLAN_TR.md: line(s) 7, 9, 11, 13, 15, 17, 19, 21, 23, 25, 26, 27, 28, 29, 30, 32, 34, 36, 38, 40, 46, 48, 50, 52, 53, 54, 55, 56, 58, 60, 61, 66, 68, 74, 75, 76, 79, 80, 94, 98, 108, 112, 114, 116, 126, 128, 130, 145, 157, 159, 161, 163, 165, 167, 169, 171, 173, 175, 177, 179, 181, 183, 185, 191, 193, 202, 218, 220, 234, 236, 238, 240, 242, 244, 246, 248, 250, 252, 254, 256, 258, 264, 268, 270, 292, 294, 296, 372, 374, 390, 393, 395, 411, 413, 415, 423, 425, 433, 435, 441, 448, 450, 464, 466, 468, 498, 507, 509, 539, 549, 551, 635 (498 run(s))
commit fea14c19df69d92d742ecb8eb7778bc85fa1a2ee
  briefs/w-c00-12/BATU_LIVING_PLAN_TR.md: line(s) 7, 9, 11, 13, 15, 17, 19, 21, 23, 25, 26, 27, 28, 29, 30, 32, 34, 36, 38, 40, 46, 48, 50, 52, 53, 54, 55, 56, 58, 60, 61, 66, 68, 74, 75, 76, 79, 80, 94, 98, 108, 112, 114, 116, 126, 128, 130, 145, 157, 159, 161, 163, 165, 167, 169, 171, 173, 175, 177, 179, 181, 183, 185, 191, 193, 202, 218, 220, 234, 236, 238, 240, 242, 244, 246, 248, 250, 252, 254, 256, 258, 264, 268, 270, 292, 294, 296, 372, 374, 390, 393, 395, 411, 413, 415, 423, 425, 433, 435, 441, 448, 450, 464, 466, 468, 498, 507, 509, 539, 549, 551, 635 (498 run(s))
commit 6afe3966f4be691349126931eff413dee4cc23b2
  briefs/w-c00-12/BATU_INTELLECTUAL_HERITAGE_TR.md: line(s) 7, 9, 11, 13, 15, 17, 19, 21, 23, 28, 30, 32, 34, 40, 42, 43, 44, 45, 46, 47, 49, 51, 53, 55, 57, 59, 61, 63, 65, 67, 73, 75, 77, 79, 83, 93, 95, 97, 99, 101, 103, 105, 107, 113, 115, 117, 119, 121, 123, 125, 127, 129, 131, 133, 137, 139, 141, 155, 157, 159, 161, 163, 173, 175, 181, 187, 189, 191, 193, 199, 200, 214, 216, 218, 220, 222, 228, 230, 232, 234, 236, 238, 246, 248, 250, 252, 254, 256, 258, 260, 268, 270, 313, 315, 317, 319, 321, 337, 339, 341, 343, 345, 347, 375, 379, 381, 383, 385, 387, 389, 391, 407, 493, 495, 497, 519, 521, 538 (695 run(s))
commit 4960ec902289bf2a961761a011616c1f12ac02ab
  briefs/w-c00-12/BATU_INTELLECTUAL_HERITAGE_TR.md: line(s) 7, 9, 11, 13, 15, 17, 19, 21, 23, 28, 30, 32, 34, 40, 42, 43, 44, 45, 46, 47, 49, 51, 53, 55, 57, 59, 61, 63, 65, 67, 73, 75, 77, 79, 83, 93, 95, 97, 99, 101, 103, 105, 107, 113, 115, 117, 119, 121, 123, 125, 127, 129, 131, 133, 137, 139, 141, 155, 157, 159, 161, 163, 173, 175, 181, 187, 189, 191, 193, 199, 200, 214, 216, 218, 220, 222, 228, 230, 232, 234, 236, 238, 246, 248, 250, 252, 254, 256, 258, 260, 268, 270, 313, 315, 317, 319, 321, 337, 339, 341, 343, 345, 347, 375, 379, 381, 383, 385, 387, 389, 391, 407, 493, 495, 497, 519, 521, 538 (695 run(s))
commit 5ac2d35bb71fad799811071e85b2630a878d2283
  briefs/w-c00-12/BATU_GROWTH_AND_FRAMING_TR.md: line(s) 7, 9, 11, 13, 17, 19, 21, 23, 25, 34, 36, 42, 44, 46, 48, 49, 51, 53, 55, 69, 71, 73, 75, 77, 79, 80, 81, 83, 85, 87, 89, 91, 98, 100, 102, 104, 108, 110, 116, 118, 120, 121, 122, 123, 124, 126, 128, 130, 132, 143, 145, 147, 149, 154, 162, 164, 166, 168, 170, 178, 179, 180, 184, 190, 192, 194, 196, 198, 200, 202, 204, 206, 208, 210, 212, 218, 220, 222, 224, 226, 230, 231, 232, 234, 242, 243, 245, 247, 249, 251, 253, 255, 269, 287, 289, 291, 293, 301, 303, 305, 307, 309, 311, 313, 315, 317, 318, 320, 322, 324, 326, 336, 338, 345, 347, 366, 368, 370, 378, 380, 382, 384, 386, 388, 390, 392, 394, 396, 398, 473, 475, 477, 479, 481, 485, 487, 489, 494, 504, 506, 508, 518, 520, 593 (622 run(s))
commit 45e3677364d00770ba4c3c99cf226e32820df385
  briefs/w-c00-12/BATU_GROWTH_AND_FRAMING_TR.md: line(s) 7, 9, 11, 13, 17, 19, 21, 23, 25, 34, 36, 42, 44, 46, 48, 49, 51, 53, 55, 69, 71, 73, 75, 77, 79, 80, 81, 83, 85, 87, 89, 91, 98, 100, 102, 104, 108, 110, 116, 118, 120, 121, 122, 123, 124, 126, 128, 130, 132, 143, 145, 147, 149, 154, 162, 164, 166, 168, 170, 178, 179, 180, 184, 190, 192, 194, 196, 198, 200, 202, 204, 206, 208, 210, 212, 218, 220, 222, 224, 226, 230, 231, 232, 234, 242, 243, 245, 247, 249, 251, 253, 255, 269, 287, 289, 291, 293, 301, 303, 305, 307, 309, 311, 313, 315, 317, 318, 320, 322, 324, 326, 336, 338, 345, 347, 366, 368, 370, 378, 380, 382, 384, 386, 388, 390, 392, 394, 396, 398, 473, 475, 477, 479, 481, 485, 487, 489, 494, 504, 506, 508, 518, 520, 593 (622 run(s))
commit e482d338153ed6783ce3622ded1be4c35ae7d63a
  briefs/w-c00-12/BATU_WORK_DISCOVERY_TR.md: line(s) 7, 9, 11, 13, 17, 19, 27, 29, 31, 32, 33, 34, 36, 40, 41, 42, 43, 44, 45, 49, 51, 63, 69, 81, 83, 93, 95, 97, 99, 101, 103, 105, 107, 108, 109, 110, 111, 113, 115, 117, 119, 121, 123, 125, 127, 129, 131, 133, 135, 137, 143, 149, 151, 157, 159, 161, 163, 165, 171, 173, 175, 177, 179, 181, 183, 185, 191, 193, 197, 199, 201, 203, 205, 207, 209, 211, 225, 227, 238, 240, 242, 250, 256, 258, 260, 262, 264, 290, 303, 361, 371, 373, 375, 379, 391, 393, 394, 395, 396, 397, 398, 400, 402, 404, 418, 420, 422, 424, 426, 428, 444, 446, 448, 450, 452, 453, 454, 455, 457, 461, 490, 492, 494, 496, 498, 500, 502 (456 run(s))
commit 67b743aeaf6461b1c0c2eaca8f4644c5fbd5f00a
  briefs/w-c00-12/BATU_WORK_DISCOVERY_TR.md: line(s) 7, 9, 11, 13, 17, 19, 27, 29, 31, 32, 33, 34, 36, 40, 41, 42, 43, 44, 45, 49, 51, 63, 69, 81, 83, 93, 95, 97, 99, 101, 103, 105, 107, 108, 109, 110, 111, 113, 115, 117, 119, 121, 123, 125, 127, 129, 131, 133, 135, 137, 143, 149, 151, 157, 159, 161, 163, 165, 171, 173, 175, 177, 179, 181, 183, 185, 191, 193, 197, 199, 201, 203, 205, 207, 209, 211, 225, 227, 238, 240, 242, 250, 256, 258, 260, 262, 264, 290, 303, 361, 371, 373, 375, 379, 391, 393, 394, 395, 396, 397, 398, 400, 402, 404, 418, 420, 422, 424, 426, 428, 444, 446, 448, 450, 452, 453, 454, 455, 457, 461, 490, 492, 494, 496, 498, 500, 502 (456 run(s))
commit aa6000959a71c306c06f284732fb01d366589f7b
  briefs/w-c00-12/RUN_BRIEF.md: line(s) 55 (4 run(s))
commit b74ab1170bccd5c121626cb442e048a34509fc00
  briefs/w-c00-12/RUN_BRIEF.md: line(s) 55 (4 run(s))
commit 58bd22e8d6e3e9180c45043feaaba0d12916292d
  plan/builder/w-c00-12/01_goal_down.md: line(s) 70 (4 run(s))
commit 54353ef8b1d956daf06b8ebfd8a6547d6e9231db
  plan/builder/w-c00-12/01_goal_down.md: line(s) 70 (4 run(s))
commit 03c91f7f8a1a064e748cd3b24b083e55ac16cf26
  plan/builder/w-c00-12/02_memory.md: line(s) 140 (7 run(s))
commit 77bad79ac9b662962e68d825059e24e2a61e1f3a
  plan/builder/w-c00-12/02_memory.md: line(s) 140 (7 run(s))
commit 33001dfb5c34539d6010b08314083d4de4c54caa
  plan/builder/w-c00-12/04_roles.md: line(s) 105 (3 run(s))
commit 483ca01148036a402e0f3281d76d6dd561382b5f
  plan/builder/w-c00-12/04_roles.md: line(s) 105 (3 run(s))
commit f362e9520c96b0bf4e3576ecdafe75830fec4066
  plan/builder/w-c00-12/02_memory.md: line(s) 155 (7 run(s))
  plan/builder/w-c00-12/04_roles.md: line(s) 151, 152 (3 run(s))
  plan/builder/w-c00-12/05_continuity.md: line(s) 139 (6 run(s))
  plan/builder/w-c00-12/12_tranche_plan.md: line(s) 109, 110, 112, 114 (6 run(s))
commit 0616482a4d1782a45e6f42a308e00ca054d52b81
  plan/builder/w-c00-12/12_tranche_plan.md: line(s) 192 (2 run(s))
commit 08459afd001fb29bccc1a1e52bb5a12600b19d2b
  plan/builder/w-c00-12/02_memory.md: line(s) 156 (7 run(s))
  plan/builder/w-c00-12/04_roles.md: line(s) 152, 153 (3 run(s))
  plan/builder/w-c00-12/05_continuity.md: line(s) 139 (6 run(s))
  plan/builder/w-c00-12/12_tranche_plan.md: line(s) 191, 192, 194, 196 (6 run(s))
commit 3c297a6add30f436138c5e88485a9db4945fb613
  evidence/C00/reviews/R-W12-2.md: line(s) 151 (4 run(s))
commit 5bba836d91f025085f42c30d4261a5b136375dd5
  evidence/C00/reviews/R-W12-2.md: line(s) 151 (4 run(s))
commit 9235d7ed315c9214d36cadb124ccc06c36e37643
  evidence/C00/reviews/R-W12-2.md: line(s) 151 (4 run(s))
commit 4c5caae837152bc4f10e3896ecdf15084abcecb2
  plan/builder/w-c00-12/11_test_register.md: line(s) 144 (4 run(s))
commit 469f102a3464b50425b2f9e69d54c17d82dd375e
  plan/builder/w-c00-12/11_test_register.md: line(s) 144 (4 run(s))
commit 5724ff96a4b49386ceb1297b90135c204d59d749
  evidence/C00/tests/1b-i_migrate.py: line(s) 12 (1 run(s))
  tools/test_records.py: line(s) 11, 30, 225 (4 run(s))
commit 83efa86775a497d81dcd8e3071866ce7eb0b2f4c
  evidence/C00/tests/1b-i_migrate.py: line(s) 12 (1 run(s))
  tools/test_records.py: line(s) 11, 30, 244 (4 run(s))
commit aee4fecc1b3b3546c5b5b4677c376ce9fbbe077b
  tools/check_records.py: line(s) 33, 35 (3 run(s))
  tools/test_check_records.py: line(s) 14, 16, 76, 471 (9 run(s))
commit a11a3a859a4c6a1e2bc56088eb4cccbcfca8f378
  tools/__pycache__/test_check_records.cpython-311.pyc: line(s) 177 (4 run(s))
commit 58f16bb6f7802ccfb355f80e1571e2c5254b13ca
  tools/check_records.py: line(s) 34, 36 (3 run(s))
  tools/test_check_records.py: line(s) 17, 19, 79, 487 (9 run(s))
commit 477627611e57bf1614d0fac10be3a68ffd2a5964
  plan/decisions/FR-02.md: line(s) 11 (3 run(s))
commit eb556b5700b2485d5da9f7d79421ba4a4ca333c1
  plan/decisions/FR-02.md: line(s) 11 (3 run(s))
commit 889cb683d5817180443ca824b99107110ccdc799
  tools/check_records.py: line(s) 1503 (1 run(s))
  tools/sync_worktree.sh: line(s) 10 (1 run(s))
  tools/test_tool_allowlist.sh: line(s) 60, 249 (2 run(s))
commit be797c65b311337b6407cc0c0713486a1f861a54
  tools/check_records.py: line(s) 1503 (1 run(s))
  tools/guard_report.py: line(s) 17 (1 run(s))
  tools/sync_worktree.sh: line(s) 10 (1 run(s))
  tools/test_tool_allowlist.sh: line(s) 60, 669 (2 run(s))
commit dbb24b5b6592cce4cf9cf58da308077c546fcef1
  tools/merge_gate.py: line(s) 123 (1 run(s))
  tools/test_merge_gate.py: line(s) 66 (2 run(s))
commit 22d1b54190477fd57cd67b2e6291e5c24b11f5a7
  tools/merge_gate.py: line(s) 146 (1 run(s))
  tools/test_merge_gate.py: line(s) 80 (2 run(s))
commit 5cf796e40d2684a0593e798884dbad750f388db0
  plan/DevOS_Kurulum_Plani.md: line(s) 86, 1158, 1182 (48 run(s))
  plan/Ek_D_Dusunme_Protokolleri.md: line(s) 66, 256 (3 run(s))
commit 9b4f17ca424a24f713a01db72776fe37488b5235
  service names: 1 line(s)
commit 15f2927c14aef46216cf75ade53945d60d0bd8d9
  service names: 1 line(s)
commit 07d8e50627d453c2288173619fa9231dd6f32375
  service names: 1 line(s)
commit 4fec30684af596703d8c9e187859ea4df2ed3e85
  evidence/C00/checks/CHK-C00-017.md: line(s) 52 (2 run(s))
commit 8687382071c52789a44af76b7e7d79f9f7b81582
  evidence/C00/EV-C00-011_ecc_comparison.md: line(s) 113 (2 run(s))
  service names: 2 line(s)
commit 8349242bccdaf02c3d01ae89c99cd0b7191815a0
  evidence/C00/EV-C00-011_ecc_comparison.md: line(s) 113 (2 run(s))
  evidence/C00/checks/CHK-C00-017.md: line(s) 52 (2 run(s))
  plan/DevOS_Kurulum_Plani.md: line(s) 84, 1158, 1182 (48 run(s))
  plan/Ek_D_Dusunme_Protokolleri.md: line(s) 64, 254 (3 run(s))
  service names: 2 line(s)
commit 3bb2360eb89e2c3a9d3b7defbfae4a30fdd62237
  evidence/C00/EV-C00-011_ecc_comparison.md: line(s) 120 (2 run(s))
  service names: 1 line(s)
commit d97fe516654afcd6476f8b16f8d9b2bf19166af9
  plan/Summary_for_Batu_TR.md: line(s) 15 (2 run(s))
commit 6598f32491aee190f21e1d9362a0002b0ae6f193
  service names: 1 line(s)
commit 32bd87508f94862c72c71290db745bd1530979a5
  evidence/C00/EV-C00-011_ecc_comparison.md: line(s) 120 (2 run(s))
  service names: 1 line(s)
commit efa8d9a7aef0928ac8f24c1717317b59112168e1
  evidence/C00/EV-C00-011_ecc_comparison.md: line(s) 120 (2 run(s))
  service names: 1 line(s)
commit c8e8456e235329548eb4a52159d1001127ddd69a
  plan/Summary_for_Batu_TR.md: line(s) 15 (2 run(s))
commit a179d9a7c62065cf7ab4790a6a83a54799f18e32
  evidence/C00/EV-C00-011_ecc_comparison.md: line(s) 120 (2 run(s))
  plan/Summary_for_Batu_TR.md: line(s) 15 (2 run(s))
  service names: 1 line(s)
commit bd77c52f064dc5c6423e47e0c0cb73669623504c
  service names: 1 line(s)
commit 5223552271234ac79dc9ee0c6685cc090dfffda4
  tools/leak_fingerprints.py: line(s) 21, 35 (4 run(s))
  tools/test_tool_allowlist.sh: line(s) 800, 802, 803, 830 (10 run(s))
commit 96220c7b45ef8739fcf6779381ccd4188beff8f0
  plan/Ek_D_Dusunme_Protokolleri.md: line(s) 65 (2 run(s))
  plan/decisions/PC-08.md: line(s) 2278, 2289 (4 run(s))
commit d4630efa11d95553d60285b0d93e08122623ced7
  plan/Ek_D_Dusunme_Protokolleri.md: line(s) 65 (2 run(s))
  plan/decisions/PC-08.md: line(s) 2278, 2289 (4 run(s))
commit edb0097eaa86d72a01c84e6b78151ab98f25c1c3
  tools/leak_fingerprints.py: line(s) 21, 35 (4 run(s))
  tools/test_tool_allowlist.sh: line(s) 847, 849, 850, 877 (10 run(s))
commit 5f8c5ea4210b168843f5dc651bd72ea13e12b11b
  tools/test_leak_fingerprints.py: line(s) 70, 224 (4 run(s))
commit e42257a6792a6d968ef312d588f6e73f490d73b7
  tools/test_leak_fingerprints.py: line(s) 70, 224 (4 run(s))
SUMMARY: 524 commit(s) scanned; 70 with library matches; 16 with service-name matches; library matches: earliest 333d1b206477af11f6233797e4e210ffd010e210 (committed 2026-09-29T16:51:30Z), latest e42257a6792a6d968ef312d588f6e73f490d73b7 (committed 2026-10-06T06:49:10Z)
